2 0.3359375 0.084375 0.13125 0.09609375
2 0.9015625 0.35234375 0.140625 0.10625
2 0.6015625 0.3671875 0.13046875 0.10234375
2 0.36796875 0.6171875 0.1296875 0.096875
2 0.23828125 0.6328125 0.1375 0.0953125
2 0.76640625 0.67265625 0.1359375 0.10234375
5 0.49765625 0.52265625 0.1515625 0.1078125
0 0.31640625 0.51015625 0.11484375 0.0859375
0 0.3421875 0.434375 0.11171875 0.08203125
0 0.47578125 0.69609375 0.11171875 0.090625
0 0.7671875 0.25625 0.11328125 0.0859375
0 0.4625 0.21953125 0.10859375 0.08046875
0 0.24609375 0.22265625 0.12421875 0.0875
3 0.4109375 0.3390625 0.12265625 0.08984375
6 0.6625 0.55390625 0.146875 0.10625
1 0.65 0.703125 0.0953125 0.07578125
1 0.61015625 0.76640625 0.09765625 0.07265625
1 0.43515625 0.903125 0.09765625 0.0765625
7 0.28203125 0.79609375 0.128125 0.0921875
7 0.16328125 0.71796875 0.12421875 0.09453125
7 0.165625 0.5515625 0.12265625 0.0859375
7 0.1765625 0.46875 0.12109375 0.08671875
7 0.184375 0.32890625 0.11953125 0.08828125
7 0.76328125 0.3828125 0.11875 0.08671875
7 0.55 0.63671875 0.1203125 0.08671875
7 0.74140625 0.83828125 0.1265625 0.09765625
7 0.3515625 0.25234375 0.11796875 0.08359375
4 0.46171875 0.42890625 0.1046875 0.07890625