7 0.47578125 0.08203125 0.121875 0.0921875
7 0.275 0.17578125 0.12734375 0.0953125
7 0.61015625 0.36484375 0.12265625 0.08828125
7 0.68828125 0.63828125 0.11875 0.090625
7 0.61875 0.88828125 0.1234375 0.0921875
7 0.50703125 0.91015625 0.125 0.09140625
7 0.325 0.6921875 0.121875 0.09375
7 0.45390625 0.64453125 0.11796875 0.09140625
7 0.58046875 0.72421875 0.11953125 0.090625
1 0.80078125 0.70703125 0.09765625 0.07421875
1 0.89609375 0.30390625 0.096875 0.0734375
0 0.81796875 0.18828125 0.11796875 0.09296875
0 0.5078125 0.421875 0.1171875 0.0859375
0 0.35078125 0.60546875 0.11171875 0.0796875
0 0.82109375 0.834375 0.125 0.08984375
0 0.40546875 0.83984375 0.11796875 0.08671875
6 0.6578125 0.2015625 0.1421875 0.11015625
3 0.11328125 0.640625 0.13125 0.0984375
3 0.771875 0.32109375 0.13359375 0.1
3 0.78359375 0.525 0.128125 0.0953125
2 0.24140625 0.2625 0.13515625 0.09921875
2 0.14453125 0.35 0.1375 0.09609375
2 0.32578125 0.43984375 0.13359375 0.09765625
2 0.275 0.35234375 0.13359375 0.09609375
2 0.521875 0.23203125 0.13203125 0.1
2 0.234375 0.63359375 0.12734375 0.09609375
5 0.61875 0.54609375 0.1484375 0.10703125
4 0.403125 0.74765625 0.11015625 0.08046875