7 0.0671875 0.32109375 0.0875 0.11484375
7 0.1328125 0.56484375 0.084375 0.11328125
7 0.4390625 0.878125 0.08203125 0.12109375
7 0.4734375 0.709375 0.0828125 0.115625
7 0.54375 0.428125 0.0765625 0.125
7 0.7953125 0.3640625 0.08671875 0.103125
7 0.8 0.39453125 0.084375 0.11015625
7 0.85703125 0.4484375 0.08203125 0.11328125
7 0.715625 0.63125 0.08671875 0.11328125
7 0.6234375 0.23203125 0.07890625 0.10625
7 0.56953125 0.12578125 0.08984375 0.11171875
4 0.81796875 0.17890625 0.08125 0.11875
4 0.61015625 0.41640625 0.065625 0.0921875
4 0.64453125 0.8359375 0.07265625 0.09140625
0 0.1078125 0.20390625 0.084375 0.1125
0 0.1625 0.31015625 0.0796875 0.1046875
0 0.31015625 0.19453125 0.08203125 0.10390625
0 0.40234375 0.3140625 0.08125 0.09921875
0 0.38125 0.21953125 0.075 0.103125
0 0.45703125 0.17890625 0.07890625 0.0953125
0 0.54921875 0.22109375 0.08125 0.1
0 0.6890625 0.178125 0.0828125 0.1078125
0 0.68359375 0.33203125 0.0796875 0.109375
0 0.68203125 0.546875 0.08125 0.10078125
0 0.63984375 0.62421875 0.0765625 0.103125
0 0.59140625 0.7703125 0.07578125 0.1015625
0 0.509375 0.79140625 0.08359375 0.10390625
0 0.38125 0.809375 0.07734375 0.1078125
0 0.06171875 0.67890625 0.0796875 0.1046875
0 0.2078125 0.5703125 0.078125 0.10546875
0 0.12109375 0.44609375 0.0828125 0.11484375
0 0.19765625 0.4578125 0.0765625 0.10859375
0 0.39296875 0.44921875 0.078125 0.1046875
0 0.36484375 0.53984375 0.07890625 0.10234375
0 0.8640625 0.54921875 0.07890625 0.11484375
0 0.809375 0.7359375 0.0859375 0.10546875
0 0.840625 0.825 0.09296875 0.11015625
0 0.72578125 0.83125 0.0796875 0.10703125
3 0.2328125 0.278125 0.09296875 0.1265625
3 0.31796875 0.30078125 0.0890625 0.115625
3 0.47265625 0.284375 0.0890625 0.1265625
3 0.46640625 0.4234375 0.08359375 0.12578125
3 0.26640625 0.40625 0.09296875 0.11328125
3 0.2890625 0.50625 0.09375 0.11640625
3 0.3109375 0.62890625 0.09140625 0.115625
3 0.053125 0.54140625 0.096875 0.121875
3 0.1390625 0.671875 0.0921875 0.11953125
3 0.30546875 0.76015625 0.0890625 0.11875
3 0.37890625 0.70625 0.08984375 0.11796875
3 0.44140625 0.61171875 0.08515625 0.11640625
3 0.51015625 0.54765625 0.0875 0.1203125
3 0.59296875 0.5359375 0.09296875 0.11015625
3 0.559375 0.6828125 0.08671875 0.11953125
3 0.578125 0.8734375 0.08515625 0.128125
3 0.68671875 0.7453125 0.08671875 0.115625
3 0.86796875 0.68125 0.0890625 0.12265625
3 0.93359375 0.46796875 0.0828125 0.11875
3 0.7734375 0.52578125 0.08984375 0.11875
3 0.715625 0.43125 0.09140625 0.1171875
3 0.76953125 0.26875 0.08515625 0.11953125
3 0.5484375 0.32578125 0.08984375 0.13203125