5 0.34921875 0.2140625 0.11484375 0.15625
5 0.54453125 0.42421875 0.1125 0.1515625
7 0.66015625 0.234375 0.09453125 0.13125
7 0.40546875 0.42109375 0.0953125 0.1234375
7 0.50078125 0.6 0.0953125 0.1203125
4 0.73515625 0.70234375 0.08828125 0.11640625
4 0.66484375 0.56171875 0.0890625 0.115625
4 0.56015625 0.725 0.0828125 0.1125
1 0.68515625 0.4109375 0.07265625 0.09921875
1 0.45546875 0.71015625 0.07109375 0.1
0 0.33515625 0.7 0.08515625 0.11875
3 0.45 0.10859375 0.096875 0.13671875
6 0.5625 0.22578125 0.1078125 0.15078125
6 0.23515625 0.61484375 0.1046875 0.1375
2 0.31796875 0.52265625 0.10234375 0.13515625
2 0.26796875 0.35546875 0.10234375 0.1421875