2 0.45 0.0921875 0.125 0.09375
2 0.49609375 0.19140625 0.11484375 0.096875
2 0.42734375 0.32578125 0.1203125 0.0890625
2 0.79765625 0.56015625 0.125 0.0921875
2 0.69765625 0.70546875 0.12109375 0.0890625
2 0.69921875 0.85390625 0.1265625 0.08984375
7 0.36171875 0.87578125 0.11171875 0.08125
7 0.5125 0.590625 0.109375 0.08046875
7 0.55234375 0.74296875 0.1078125 0.0796875
7 0.375 0.69375 0.109375 0.0796875
7 0.18671875 0.47734375 0.109375 0.07734375
7 0.234375 0.365625 0.1078125 0.0828125
7 0.6046875 0.296875 0.1125 0.08046875
7 0.86484375 0.32109375 0.1125 0.08046875
7 0.384375 0.2375 0.1078125 0.0828125
4 0.2546875 0.1390625 0.09765625 0.07578125
5 0.55 0.4859375 0.1296875 0.0984375
6 0.3984375 0.4578125 0.12265625 0.09140625
3 0.75078125 0.12734375 0.1171875 0.08828125
0 0.72265625 0.2234375 0.1046875 0.0765625
0 0.778125 0.36875 0.1015625 0.08046875
0 0.2375 0.25703125 0.10546875 0.078125
0 0.69765625 0.490625 0.10546875 0.075
0 0.52109375 0.878125 0.10234375 0.0828125
3 0.2484375 0.60078125 0.115625 0.08828125
3 0.2421875 0.78359375 0.1171875 0.0890625
1 0.34296875 0.55390625 0.08203125 0.06171875
1 0.65078125 0.63046875 0.08359375 0.06171875
1 0.6875 0.390625 0.08828125 0.06328125