5 0.31953125 0.34296875 0.1171875 0.15703125
5 0.59453125 0.434375 0.10390625 0.146875
5 0.54609375 0.58046875 0.10703125 0.1484375
2 0.52578125 0.34609375 0.09296875 0.1265625
2 0.66328125 0.25703125 0.09765625 0.1421875
2 0.62421875 0.68828125 0.10546875 0.1390625
2 0.49375 0.478125 0.10703125 0.12265625
2 0.259375 0.6828125 0.109375 0.13125
2 0.315625 0.784375 0.10859375 0.12890625
6 0.3890625 0.51640625 0.1078125 0.1359375
6 0.43515625 0.36875 0.103125 0.134375
3 0.77109375 0.503125 0.09765625 0.12890625
3 0.26484375 0.52578125 0.1 0.125
4 0.5609375 0.23203125 0.09609375 0.12578125