2 0.475 0.10625 0.125 0.09375
2 0.52109375 0.209375 0.12265625 0.090625
2 0.44765625 0.3453125 0.1203125 0.0875
2 0.8234375 0.59296875 0.12265625 0.090625
2 0.71953125 0.7359375 0.1203125 0.090625
2 0.71875 0.8921875 0.125 0.09375
0 0.53515625 0.9125 0.10546875 0.0796875
0 0.71875 0.51484375 0.1046875 0.071875
0 0.80546875 0.39609375 0.1015625 0.075
0 0.74921875 0.24609375 0.1015625 0.07578125
3 0.7828125 0.14921875 0.12109375 0.0875
3 0.24453125 0.81484375 0.1203125 0.08828125
3 0.25625 0.6265625 0.12109375 0.0890625
1 0.35625 0.57734375 0.08671875 0.0640625
1 0.671875 0.66015625 0.08515625 0.06015625
1 0.7140625 0.4140625 0.0828125 0.06171875
4 0.27578125 0.15 0.1078125 0.07734375
0 0.25390625 0.26953125 0.10703125 0.0828125
7 0.25078125 0.384375 0.11875 0.084375
7 0.4046875 0.25390625 0.11328125 0.084375
7 0.62890625 0.3203125 0.1109375 0.08125
7 0.89375 0.34609375 0.11484375 0.08046875
7 0.1953125 0.49609375 0.115625 0.0828125
7 0.528125 0.615625 0.1125 0.08203125
7 0.5703125 0.7765625 0.11328125 0.084375
7 0.3875 0.725 0.11015625 0.08515625
7 0.36640625 0.9109375 0.115625 0.08828125
5 0.56796875 0.509375 0.13515625 0.1
6 0.4171875 0.47578125 0.12890625 0.0921875