6 0.30703125 0.23515625 0.103125 0.13515625
6 0.38203125 0.4828125 0.09375 0.12890625
3 0.59296875 0.6578125 0.08671875 0.11796875
3 0.675 0.3046875 0.08671875 0.12578125
7 0.78671875 0.434375 0.0890625 0.10703125
2 0.40078125 0.37421875 0.0921875 0.1234375
2 0.48984375 0.38046875 0.0953125 0.11953125
2 0.59609375 0.41875 0.08828125 0.11953125
2 0.6796875 0.40859375 0.0921875 0.13203125
2 0.7 0.62265625 0.0953125 0.12421875
2 0.475 0.71953125 0.09375 0.11328125
5 0.453125 0.60390625 0.0984375 0.1328125
5 0.2953125 0.52734375 0.1015625 0.128125
5 0.63203125 0.53671875 0.10234375 0.140625