1 0.4546875 0.10625 0.07734375 0.1125
1 0.14375 0.1765625 0.0765625 0.10703125
1 0.37578125 0.56953125 0.07109375 0.10078125
7 0.72578125 0.71640625 0.1046875 0.14140625
7 0.15078125 0.6 0.10234375 0.128125
7 0.09609375 0.378125 0.1 0.12734375
7 0.3375 0.38671875 0.1015625 0.13125
7 0.646875 0.17421875 0.09375 0.1296875
7 0.68359375 0.3203125 0.0921875 0.13125
7 0.80546875 0.27265625 0.1015625 0.12734375
4 0.8359375 0.15078125 0.09609375 0.121875
7 0.60546875 0.521875 0.09609375 0.1203125
7 0.73359375 0.553125 0.09609375 0.125
3 0.4234375 0.4171875 0.0890625 0.13046875
3 0.3609375 0.24765625 0.10078125 0.128125
3 0.61015625 0.7765625 0.096875 0.134375
0 0.22109375 0.17421875 0.0890625 0.11953125
0 0.17265625 0.3296875 0.08984375 0.1234375
0 0.26953125 0.315625 0.08203125 0.11171875
0 0.4953125 0.2125 0.08671875 0.12734375
0 0.39921875 0.68046875 0.09140625 0.1171875
2 0.31640625 0.734375 0.09921875 0.1359375
2 0.478125 0.8828125 0.1078125 0.15078125
2 0.62578125 0.64375 0.10625 0.13984375
2 0.90703125 0.328125 0.1078125 0.15
2 0.0953125 0.50234375 0.10390625 0.13046875
5 0.17578125 0.7375 0.1234375 0.1546875
2 0.2765625 0.52578125 0.103125 0.14140625
6 0.56328125 0.35703125 0.10859375 0.14765625