5 0.44609375 0.721875 0.1671875 0.1140625
2 0.06953125 0.425 0.1359375 0.10390625
2 0.75859375 0.41328125 0.14921875 0.1078125
6 0.31796875 0.59296875 0.15234375 0.10703125
6 0.64609375 0.67421875 0.14765625 0.1125
5 0.8515625 0.67578125 0.15625 0.11484375
7 0.23046875 0.4671875 0.12890625 0.1
7 0.765625 0.54140625 0.125 0.09765625
7 0.53671875 0.38984375 0.12265625 0.09140625
4 0.25625 0.68828125 0.109375 0.08359375
5 0.3765625 0.39453125 0.11640625 0.08203125
5 0.38984375 0.5 0.1171875 0.084375
1 0.49453125 0.63359375 0.10078125 0.07109375
3 0.5625 0.559375 0.12578125 0.0984375
0 0.9078125 0.5734375 0.12265625 0.08828125
1 0.13046875 0.6203125 0.0921875 0.0703125