7 0.36953125 0.3265625 0.12265625 0.08984375
4 0.3046875 0.5953125 0.11171875 0.08125
4 0.29296875 0.72421875 0.1078125 0.08125
4 0.5 0.70703125 0.109375 0.08125
1 0.69140625 0.7921875 0.09296875 0.0734375
7 0.8421875 0.4375 0.12421875 0.0875
2 0.3078125 0.47109375 0.13125 0.09375
2 0.67890625 0.36328125 0.13125 0.09609375
6 0.71171875 0.68203125 0.13984375 0.10625
6 0.5015625 0.540625 0.13515625 0.10234375
3 0.5109375 0.35625 0.12109375 0.09140625
0 0.11953125 0.440625 0.11328125 0.08359375
5 0.14453125 0.55625 0.14765625 0.1078125