5 0.35625 0.7203125 0.1515625 0.11484375
2 0.2796875 0.2828125 0.1328125 0.096875
2 0.4515625 0.2625 0.12578125 0.0984375
2 0.76328125 0.54453125 0.13125 0.09921875
2 0.62734375 0.74765625 0.1390625 0.10234375
2 0.6765625 0.846875 0.1390625 0.11328125
2 0.21015625 0.7859375 0.1375 0.103125
7 0.4171875 0.0828125 0.11875 0.08984375
7 0.17265625 0.32578125 0.11953125 0.0890625
4 0.70625 0.24296875 0.103125 0.084375
7 0.5578125 0.21171875 0.1125 0.0859375
7 0.4125 0.5046875 0.11953125 0.0890625
7 0.4484375 0.5953125 0.12421875 0.09453125
7 0.63671875 0.6515625 0.11796875 0.090625
7 0.75859375 0.63671875 0.12578125 0.090625
7 0.47734375 0.80859375 0.12265625 0.09375
0 0.1875 0.5859375 0.11640625 0.08515625
0 0.54453125 0.5546875 0.1109375 0.08515625
0 0.64296875 0.53046875 0.1140625 0.08359375
0 0.696875 0.459375 0.10703125 0.084375
0 0.9265625 0.453125 0.121875 0.0875
3 0.3984375 0.35234375 0.1375 0.0921875
3 0.65546875 0.1671875 0.128125 0.0953125
6 0.28828125 0.44921875 0.13515625 0.10078125
1 0.5375 0.640625 0.090625 0.0734375
1 0.7640625 0.3953125 0.09375 0.07265625
1 0.86015625 0.3921875 0.09765625 0.07109375
7 0.59375 0.2984375 0.12265625 0.09296875