4 0.3140625 0.390625 0.1078125 0.0796875
4 0.3359375 0.55546875 0.1046875 0.07890625
4 0.30390625 0.7265625 0.1078125 0.0796875
1 0.43125 0.6640625 0.09296875 0.065625
7 0.65234375 0.346875 0.121875 0.09140625
0 0.19921875 0.45390625 0.11328125 0.08046875
3 0.44609375 0.3421875 0.1234375 0.09140625
6 0.5765625 0.66796875 0.13828125 0.10390625
6 0.17265625 0.60625 0.13671875 0.10078125
5 0.525 0.4765625 0.14375 0.10546875
5 0.6578125 0.5828125 0.14453125 0.10546875
2 0.79296875 0.4953125 0.13125 0.09375
2 0.8109375 0.64921875 0.13203125 0.09921875