0 0.64296875 0.371875 0.08203125 0.10625
0 0.26640625 0.42890625 0.08359375 0.10546875
0 0.3546875 0.57265625 0.0796875 0.10390625
0 0.653125 0.24765625 0.07421875 0.10703125
2 0.42421875 0.3046875 0.09140625 0.1265625
2 0.478125 0.403125 0.0921875 0.11875
2 0.56171875 0.39296875 0.08671875 0.125
2 0.82109375 0.490625 0.0921875 0.11484375
2 0.61328125 0.528125 0.09140625 0.11484375
2 0.61328125 0.64375 0.09375 0.1171875
2 0.690625 0.59375 0.0953125 0.12421875
2 0.48046875 0.57265625 0.0859375 0.1171875
2 0.26640625 0.58125 0.0953125 0.11796875
2 0.6 0.76015625 0.09453125 0.1203125
2 0.68515625 0.7984375 0.08984375 0.12265625
3 0.81953125 0.19375 0.08515625 0.12109375
3 0.87265625 0.3234375 0.09375 0.125
6 0.590625 0.146875 0.10234375 0.1359375
6 0.52265625 0.2796875 0.0984375 0.13125
6 0.3609375 0.2296875 0.10390625 0.12890625
6 0.29140625 0.3234375 0.109375 0.13828125
6 0.184375 0.40234375 0.10234375 0.134375
6 0.13828125 0.525 0.109375 0.13046875
6 0.43125 0.66953125 0.09765625 0.13359375
6 0.40234375 0.46328125 0.09765625 0.1234375
6 0.89765625 0.2109375 0.0921875 0.12421875
6 0.70390625 0.47578125 0.09375 0.12734375
6 0.8234375 0.6140625 0.0953125 0.13046875
6 0.790625 0.73515625 0.1 0.13046875
5 0.73046875 0.2109375 0.103125 0.14140625