1 0.3015625 0.6203125 0.0703125 0.09296875
1 0.69921875 0.83203125 0.08046875 0.10546875
1 0.27421875 0.2859375 0.0703125 0.0953125
4 0.09609375 0.48515625 0.09453125 0.11796875
7 0.44765625 0.278125 0.09140625 0.12734375
7 0.63515625 0.1640625 0.09296875 0.1234375
7 0.74921875 0.2640625 0.09296875 0.11953125
7 0.82578125 0.375 0.0984375 0.12265625
7 0.159375 0.73046875 0.09453125 0.12734375
7 0.06484375 0.759375 0.09765625 0.13203125
7 0.3421875 0.50625 0.09296875 0.1234375
7 0.7921875 0.6203125 0.09453125 0.11875
7 0.50546875 0.76953125 0.09140625 0.1203125
2 0.43125 0.6953125 0.103125 0.12421875
2 0.47578125 0.50390625 0.10078125 0.13359375
2 0.2125 0.43359375 0.0984375 0.121875
2 0.175 0.32265625 0.1 0.13046875
2 0.29921875 0.38671875 0.09609375 0.1265625
0 0.3 0.09609375 0.1015625 0.13203125
0 0.64609375 0.3390625 0.0953125 0.13125
0 0.6578125 0.46328125 0.09765625 0.128125
0 0.75859375 0.515625 0.08828125 0.1171875
0 0.909375 0.51875 0.09296875 0.11640625
0 0.39765625 0.82421875 0.08515625 0.11484375
0 0.20234375 0.553125 0.0890625 0.11640625
0 0.37265625 0.321875 0.0828125 0.11328125
6 0.28046875 0.76015625 0.10859375 0.13671875
2 0.271875 0.9 0.10078125 0.13125
5 0.6484375 0.60234375 0.10703125 0.14375