5 0.246875 0.25859375 0.1046875 0.134375
7 0.34296875 0.340625 0.084375 0.109375
7 0.2515625 0.5015625 0.0859375 0.1140625
7 0.40078125 0.43828125 0.084375 0.115625
4 0.41953125 0.60078125 0.078125 0.10625
4 0.38046875 0.728125 0.078125 0.109375
4 0.646875 0.46015625 0.078125 0.10625
1 0.18671875 0.39296875 0.06875 0.0890625
1 0.4796875 0.19765625 0.065625 0.0875
0 0.5796875 0.57109375 0.078125 0.10625
3 0.51953125 0.42265625 0.0859375 0.11875
2 0.4265625 0.3 0.09375 0.1234375
2 0.29453125 0.615625 0.1015625 0.1359375
6 0.5890625 0.28125 0.0953125 0.13125
6 0.496875 0.7375 0.1015625 0.140625