1 0.7296875 0.46875 0.084375 0.1109375
1 0.4640625 0.80703125 0.0796875 0.1078125
7 0.41171875 0.5015625 0.103125 0.1359375
7 0.50625 0.69921875 0.1046875 0.1359375
7 0.7421875 0.25625 0.1078125 0.146875
4 0.7484375 0.6296875 0.1 0.13125
4 0.78125 0.80390625 0.1 0.128125
4 0.58671875 0.8265625 0.0953125 0.13125
3 0.46640625 0.1328125 0.1140625 0.1515625
0 0.3296875 0.7953125 0.0984375 0.134375
6 0.21875 0.69609375 0.1171875 0.15625
6 0.57421875 0.265625 0.121875 0.1640625
2 0.25 0.4203125 0.1125 0.1515625
2 0.3125 0.59296875 0.115625 0.15625
5 0.571875 0.4328125 0.1265625 0.171875
5 0.36484375 0.365625 0.1265625 0.16875