1 0.871875 0.7640625 0.0625 0.078125
1 0.70078125 0.6359375 0.059375 0.075
1 0.13203125 0.4875 0.0640625 0.0796875
7 0.5453125 0.871875 0.075 0.096875
7 0.86171875 0.57265625 0.075 0.0984375
7 0.56015625 0.290625 0.0734375 0.1
7 0.47578125 0.46484375 0.0734375 0.09375
7 0.196875 0.4078125 0.078125 0.09375
7 0.590625 0.6359375 0.075 0.09375
7 0.58203125 0.49375 0.078125 0.096875
7 0.34375 0.4390625 0.075 0.1015625
4 0.46328125 0.3234375 0.0671875 0.090625
7 0.51484375 0.08359375 0.084375 0.10625
2 0.24921875 0.26953125 0.0890625 0.10625
2 0.38671875 0.27421875 0.08125 0.1078125
2 0.34296875 0.18203125 0.084375 0.1140625
2 0.46015625 0.18203125 0.0859375 0.109375
2 0.90234375 0.4578125 0.0875 0.10625
2 0.64296875 0.76171875 0.078125 0.1046875
2 0.71171875 0.8140625 0.0765625 0.1015625
6 0.6484375 0.11875 0.0890625 0.1171875
6 0.71796875 0.31796875 0.0890625 0.115625
6 0.8046875 0.64375 0.090625 0.109375
6 0.2234375 0.5140625 0.0875 0.1109375
0 0.37734375 0.5609375 0.06875 0.090625
0 0.5078125 0.5859375 0.0765625 0.0859375
0 0.6640625 0.496875 0.075 0.0921875
0 0.77734375 0.45234375 0.0765625 0.0953125
0 0.8140625 0.28828125 0.0796875 0.1
0 0.78671875 0.18125 0.078125 0.096875
3 0.6421875 0.26328125 0.078125 0.103125
3 0.38671875 0.69375 0.0765625 0.1015625
3 0.43359375 0.7890625 0.0796875 0.1
3 0.36875 0.8671875 0.0828125 0.0984375
3 0.27109375 0.73125 0.078125 0.1046875
3 0.53203125 0.6890625 0.075 0.096875
3 0.8078125 0.79296875 0.0796875 0.1015625