1 0.36796875 0.74375 0.06875 0.0515625
1 0.578125 0.40703125 0.065625 0.0484375
1 0.15078125 0.53046875 0.0703125 0.0515625
0 0.43515625 0.4703125 0.0828125 0.0609375
0 0.2578125 0.3734375 0.084375 0.0625
0 0.35546875 0.1890625 0.0796875 0.0640625
0 0.8265625 0.3625 0.0828125 0.0625
0 0.43515625 0.69765625 0.0859375 0.0625
0 0.53359375 0.80625 0.0859375 0.065625
2 0.20703125 0.5828125 0.103125 0.075
2 0.3515625 0.546875 0.0984375 0.071875
2 0.52421875 0.5625 0.096875 0.071875
2 0.76640625 0.428125 0.09375 0.071875
2 0.57734375 0.2828125 0.09375 0.071875
2 0.5796875 0.19921875 0.1 0.0765625
2 0.746875 0.23515625 0.0984375 0.071875
4 0.46875 0.35234375 0.08125 0.0578125
4 0.7 0.653125 0.0890625 0.0671875
4 0.7828125 0.63359375 0.0890625 0.065625
4 0.72734375 0.86953125 0.0875 0.071875
3 0.33671875 0.68359375 0.0953125 0.06875
3 0.2296875 0.7703125 0.1 0.071875
3 0.646875 0.70859375 0.090625 0.0703125
3 0.83125 0.725 0.09375 0.0734375
3 0.8265625 0.57265625 0.0921875 0.0671875
3 0.8421875 0.46953125 0.0921875 0.06875
3 0.62578125 0.503125 0.1 0.0703125
3 0.5515625 0.35078125 0.0921875 0.0671875
5 0.6625 0.421875 0.1015625 0.0796875
7 0.65546875 0.2515625 0.0859375 0.0671875
7 0.4859375 0.290625 0.0875 0.065625
7 0.51484375 0.4375 0.0890625 0.0640625
7 0.9453125 0.54921875 0.0859375 0.0640625
7 0.41953125 0.59765625 0.0875 0.0671875
3 0.5671875 0.6609375 0.1015625 0.071875
7 0.93046875 0.478125 0.0890625 0.065625
6 0.6546875 0.3296875 0.103125 0.075
6 0.9015625 0.67734375 0.1078125 0.0796875