5 0.35 0.46171875 0.1046875 0.1359375
5 0.7125 0.4375 0.10625 0.140625
5 0.8203125 0.61484375 0.109375 0.1453125
2 0.64375 0.59453125 0.09375 0.1234375
2 0.66953125 0.709375 0.1015625 0.1265625
2 0.43515625 0.48984375 0.0984375 0.1296875
2 0.46640625 0.3453125 0.096875 0.134375
2 0.54609375 0.38359375 0.090625 0.134375
2 0.76015625 0.3375 0.10625 0.1421875
4 0.4140625 0.61640625 0.0890625 0.1140625
3 0.53046875 0.28125 0.09375 0.11875
3 0.759375 0.17890625 0.0953125 0.1296875
6 0.36015625 0.7046875 0.1015625 0.1328125
6 0.653125 0.3421875 0.0953125 0.1328125