0 0.309375 0.14921875 0.08125 0.115625
0 0.6015625 0.859375 0.0921875 0.128125
0 0.65625 0.77265625 0.0796875 0.11875
0 0.69765625 0.55390625 0.090625 0.1109375
6 0.43046875 0.2125 0.1 0.134375
6 0.12578125 0.44375 0.1109375 0.1359375
6 0.31484375 0.48359375 0.1015625 0.1265625
6 0.384375 0.58359375 0.1 0.125
6 0.45703125 0.72421875 0.103125 0.1453125
6 0.7453125 0.76875 0.0984375 0.134375
6 0.84375 0.60390625 0.1046875 0.1484375
6 0.828125 0.44296875 0.10625 0.140625
6 0.70546875 0.4296875 0.103125 0.128125
6 0.8 0.33046875 0.1015625 0.140625
6 0.8421875 0.21015625 0.103125 0.134375
6 0.6 0.33671875 0.1078125 0.134375
6 0.55546875 0.44375 0.1015625 0.1296875
6 0.55703125 0.22890625 0.0953125 0.134375
7 0.41953125 0.328125 0.090625 0.1125
2 0.33515625 0.2921875 0.0984375 0.1296875
2 0.2140625 0.36015625 0.0984375 0.1203125
2 0.11484375 0.31015625 0.0984375 0.1375
2 0.2359375 0.5375 0.1 0.121875
2 0.15625 0.6109375 0.109375 0.1375
2 0.2921875 0.81484375 0.10625 0.1328125
2 0.2578125 0.66953125 0.0984375 0.134375
2 0.3609375 0.71328125 0.0921875 0.1203125
2 0.50859375 0.55234375 0.096875 0.1296875
2 0.4609375 0.42890625 0.1 0.1328125
2 0.61796875 0.66171875 0.090625 0.1265625
5 0.68046875 0.2015625 0.103125 0.1359375