1 0.68828125 0.1515625 0.0734375 0.053125
1 0.73828125 0.23046875 0.071875 0.05625
1 0.68125 0.74609375 0.071875 0.0578125
0 0.5625 0.1078125 0.090625 0.071875
0 0.46796875 0.22578125 0.0921875 0.0671875
0 0.65390625 0.2046875 0.084375 0.0671875
0 0.909375 0.47421875 0.0921875 0.0703125
0 0.89296875 0.58984375 0.0921875 0.0734375
0 0.4296875 0.66015625 0.090625 0.0703125
0 0.77109375 0.74453125 0.0859375 0.0671875
0 0.15859375 0.76015625 0.0984375 0.0703125
3 0.29609375 0.83203125 0.1109375 0.0828125
3 0.615625 0.46328125 0.0984375 0.075
3 0.5640625 0.3125 0.1 0.0765625
3 0.828125 0.33828125 0.096875 0.075
3 0.81796875 0.26640625 0.090625 0.0703125
6 0.66328125 0.8296875 0.109375 0.0859375
6 0.83984375 0.79296875 0.103125 0.084375
6 0.70234375 0.67890625 0.1046875 0.078125
6 0.38125 0.39765625 0.1140625 0.0828125
7 0.3921875 0.88671875 0.0984375 0.075
7 0.57578125 0.77734375 0.0984375 0.0765625
7 0.7453125 0.60234375 0.090625 0.0671875
7 0.82265625 0.4625 0.09375 0.0671875
7 0.725 0.43828125 0.090625 0.0703125
7 0.25078125 0.68984375 0.109375 0.075
7 0.56640625 0.39765625 0.0953125 0.0734375
7 0.45625 0.4515625 0.0984375 0.0703125
4 0.65390625 0.4015625 0.0828125 0.059375
4 0.35078125 0.5828125 0.10625 0.071875
2 0.3078125 0.27109375 0.115625 0.0828125
2 0.27109375 0.45546875 0.1109375 0.084375
2 0.58515625 0.6609375 0.1046875 0.08125
2 0.92421875 0.7375 0.1015625 0.078125
2 0.9015625 0.384375 0.0984375 0.0765625
2 0.371875 0.7671875 0.1140625 0.0859375
2 0.7671875 0.90546875 0.10625 0.0859375
5 0.48359375 0.54296875 0.125 0.090625