2 0.55703125 0.1859375 0.125 0.090625
2 0.37890625 0.2671875 0.1203125 0.0921875
2 0.26015625 0.3390625 0.1234375 0.0859375
2 0.35234375 0.4703125 0.121875 0.09375
2 0.38984375 0.61171875 0.125 0.09375
5 0.75234375 0.64609375 0.1421875 0.1046875
1 0.80703125 0.76328125 0.09375 0.0734375
1 0.66171875 0.4828125 0.090625 0.0703125
7 0.41796875 0.190625 0.1109375 0.084375
7 0.58828125 0.265625 0.10625 0.08125
7 0.63984375 0.33671875 0.1125 0.0890625
7 0.76484375 0.37734375 0.1125 0.0890625
7 0.7109375 0.56171875 0.1140625 0.0796875
7 0.57265625 0.61953125 0.11875 0.0828125
7 0.1859375 0.39921875 0.10625 0.0828125
7 0.23671875 0.5609375 0.1140625 0.0828125
7 0.45625 0.72734375 0.1109375 0.0828125
2 0.6359375 0.9046875 0.1296875 0.09375
4 0.54765625 0.69140625 0.103125 0.0734375
0 0.30390625 0.79765625 0.1046875 0.0765625
0 0.8609375 0.58984375 0.1140625 0.078125
0 0.4796875 0.50859375 0.1046875 0.0765625
0 0.3421875 0.39140625 0.103125 0.078125
0 0.503125 0.3140625 0.1 0.078125
3 0.2546875 0.25390625 0.1171875 0.0875
3 0.55390625 0.45 0.11875 0.0828125
6 0.2328125 0.47578125 0.128125 0.090625
3 0.29140625 0.6546875 0.125 0.0859375