0 0.215625 0.25703125 0.0859375 0.103125
0 0.4375 0.259375 0.08125 0.1109375
0 0.41953125 0.34765625 0.078125 0.1
0 0.346875 0.34453125 0.0734375 0.0921875
0 0.19453125 0.36875 0.075 0.1015625
0 0.128125 0.41953125 0.0796875 0.096875
0 0.2140625 0.459375 0.0765625 0.0984375
0 0.27265625 0.5109375 0.0765625 0.1015625
0 0.303125 0.590625 0.0734375 0.1015625
0 0.43984375 0.5859375 0.078125 0.1
0 0.50546875 0.34765625 0.075 0.10625
0 0.590625 0.25234375 0.0734375 0.1046875
0 0.69609375 0.28984375 0.078125 0.1
0 0.78203125 0.2265625 0.075 0.0953125
0 0.7171875 0.4390625 0.0734375 0.103125
0 0.65078125 0.4265625 0.06875 0.10625
0 0.63515625 0.65390625 0.071875 0.1015625
0 0.69921875 0.6296875 0.0765625 0.1046875
0 0.8578125 0.59609375 0.0859375 0.1046875
0 0.57578125 0.70234375 0.075 0.096875
0 0.515625 0.6515625 0.071875 0.09375
0 0.496875 0.84453125 0.0796875 0.1078125
0 0.64140625 0.85234375 0.0703125 0.1125
0 0.7109375 0.86875 0.0890625 0.109375
1 0.553125 0.29375 0.0671875 0.0875
1 0.865625 0.74765625 0.0734375 0.0984375
7 0.884375 0.39921875 0.0875 0.109375
7 0.2625 0.3375 0.0921875 0.115625
7 0.35703125 0.528125 0.08125 0.1140625
7 0.5171875 0.44453125 0.090625 0.10625
7 0.58203125 0.39765625 0.0796875 0.109375
7 0.71484375 0.53515625 0.0859375 0.103125
7 0.8125 0.51796875 0.078125 0.10625
7 0.5765625 0.60546875 0.084375 0.1078125
7 0.44765625 0.67734375 0.084375 0.10625
7 0.14453125 0.7296875 0.0828125 0.109375
7 0.2171875 0.57421875 0.0828125 0.1109375
7 0.57109375 0.8203125 0.0765625 0.11875
3 0.15234375 0.51484375 0.090625 0.1078125
3 0.21640625 0.67890625 0.0890625 0.1109375
3 0.25 0.77734375 0.090625 0.1203125
3 0.328125 0.815625 0.08125 0.115625
3 0.371875 0.73046875 0.084375 0.1125
3 0.296875 0.6828125 0.090625 0.121875
3 0.3734375 0.6234375 0.0796875 0.10625
3 0.3 0.421875 0.08125 0.1125
3 0.38125 0.428125 0.0859375 0.10625
3 0.446875 0.4859375 0.090625 0.1203125
3 0.51171875 0.5515625 0.0859375 0.1125
3 0.578125 0.5 0.0875 0.1140625
3 0.64375 0.55546875 0.084375 0.1125
3 0.63359375 0.75390625 0.078125 0.1140625
3 0.71328125 0.77421875 0.0859375 0.11875
3 0.8078125 0.7984375 0.090625 0.121875
3 0.8078125 0.6859375 0.0875 0.1125
3 0.76796875 0.6015625 0.0765625 0.11875
3 0.790625 0.425 0.0828125 0.1078125
3 0.76796875 0.3296875 0.0890625 0.1140625
3 0.3125 0.2578125 0.09375 0.13125
3 0.4421875 0.78671875 0.0875 0.1171875