2 0.378125 0.1265625 0.125 0.0953125
2 0.63203125 0.39296875 0.128125 0.096875
2 0.9125 0.37578125 0.1328125 0.1046875
2 0.29453125 0.6390625 0.128125 0.0953125
2 0.4171875 0.62578125 0.128125 0.090625
2 0.78828125 0.67734375 0.1359375 0.0953125
1 0.4859375 0.8859375 0.0921875 0.0796875
1 0.6828125 0.703125 0.1 0.0671875
1 0.6453125 0.76015625 0.09375 0.0671875
4 0.50234375 0.44765625 0.1 0.075
5 0.53984375 0.53671875 0.140625 0.1
6 0.6921875 0.56171875 0.1375 0.1
3 0.3 0.2578125 0.121875 0.0890625
3 0.44921875 0.36171875 0.1203125 0.0890625
0 0.52109375 0.70078125 0.1015625 0.0796875
0 0.7859375 0.284375 0.1109375 0.084375
0 0.3921875 0.4546875 0.1046875 0.0765625
0 0.36875 0.5265625 0.109375 0.08125
7 0.34140625 0.7921875 0.1140625 0.090625
7 0.23359375 0.7171875 0.115625 0.0859375
7 0.23046875 0.56796875 0.1140625 0.0828125
7 0.2375 0.48828125 0.1140625 0.078125
7 0.2421875 0.3609375 0.1078125 0.0859375
7 0.396875 0.28515625 0.1109375 0.084375
7 0.784375 0.40546875 0.109375 0.0890625
7 0.58984375 0.64140625 0.115625 0.08125
7 0.76796875 0.828125 0.1203125 0.0890625
7 0.5859375 0.31484375 0.1171875 0.0875
0 0.5015625 0.25546875 0.1015625 0.078125