2 0.3546875 0.71171875 0.0984375 0.1265625
2 0.5 0.32578125 0.0984375 0.134375
2 0.5171875 0.1546875 0.096875 0.1328125
2 0.725 0.23671875 0.096875 0.13125
2 0.8078125 0.3796875 0.103125 0.13125
2 0.59453125 0.41640625 0.0921875 0.125
7 0.6328125 0.51953125 0.0890625 0.1140625
6 0.8453125 0.2734375 0.0984375 0.1359375
6 0.796875 0.59609375 0.10625 0.1296875
3 0.52890625 0.5578125 0.084375 0.1203125
3 0.44453125 0.6203125 0.0953125 0.1125
5 0.2796875 0.5015625 0.1109375 0.1421875
5 0.4953125 0.4453125 0.10625 0.14375
5 0.49296875 0.7859375 0.1109375 0.15