1 0.16796875 0.346875 0.0765625 0.0921875
1 0.5234375 0.2140625 0.06875 0.096875
4 0.4203125 0.7109375 0.08125 0.1125
4 0.7265625 0.559375 0.0828125 0.1140625
4 0.50625 0.6328125 0.0828125 0.1125
7 0.28203125 0.271875 0.0921875 0.121875
7 0.25 0.4953125 0.0953125 0.125
7 0.40625 0.3953125 0.0921875 0.1234375
3 0.5203125 0.41875 0.09375 0.128125
0 0.62734375 0.5625 0.0828125 0.115625
6 0.62109375 0.28359375 0.1 0.1421875
6 0.50390625 0.80078125 0.10625 0.146875
2 0.36484375 0.13671875 0.1015625 0.1359375
2 0.3578125 0.5890625 0.1015625 0.1375
2 0.73828125 0.4203125 0.1078125 0.15