4 0.59296875 0.28828125 0.0984375 0.1375
4 0.7703125 0.428125 0.1046875 0.13125
4 0.68046875 0.68359375 0.1015625 0.128125
7 0.43828125 0.44375 0.109375 0.153125
7 0.6609375 0.4 0.109375 0.146875
7 0.671875 0.5359375 0.1125 0.159375
1 0.52421875 0.69296875 0.090625 0.121875
1 0.3046875 0.65859375 0.0953125 0.121875
0 0.50859375 0.56640625 0.1140625 0.1328125
3 0.32890625 0.47421875 0.1171875 0.1640625
2 0.73125 0.2796875 0.125 0.1703125
2 0.43828125 0.71484375 0.125 0.1703125
5 0.41171875 0.30546875 0.159375 0.1859375
6 0.58125 0.47734375 0.121875 0.1703125
6 0.59609375 0.6234375 0.125 0.1640625