5 0.31953125 0.271875 0.1 0.1328125
1 0.41953125 0.1703125 0.0625 0.0828125
1 0.546875 0.31875 0.059375 0.0796875
4 0.6734375 0.43125 0.06875 0.0984375
4 0.42578125 0.61875 0.0734375 0.0953125
4 0.36640625 0.78046875 0.078125 0.10625
7 0.36875 0.48125 0.0796875 0.109375
7 0.2765625 0.42890625 0.0828125 0.10625
7 0.45234375 0.33125 0.078125 0.10625
0 0.659375 0.58125 0.075 0.0984375
3 0.565625 0.43828125 0.078125 0.1109375
6 0.63984375 0.234375 0.0859375 0.1125
6 0.55390625 0.73046875 0.09375 0.1265625
2 0.2890625 0.6359375 0.096875 0.1265625
2 0.503125 0.52265625 0.0859375 0.1140625