7 0.29375 0.41171875 0.1125 0.0796875
7 0.6515625 0.4765625 0.1078125 0.08125
4 0.3671875 0.675 0.103125 0.075
4 0.2125 0.659375 0.1015625 0.071875
4 0.27890625 0.53984375 0.1 0.075
1 0.54921875 0.7578125 0.0875 0.06875
5 0.12734375 0.565625 0.1390625 0.1
5 0.63984375 0.60390625 0.1328125 0.1
6 0.48359375 0.534375 0.1234375 0.0921875
6 0.753125 0.7359375 0.1359375 0.0984375
2 0.90234375 0.64921875 0.121875 0.090625
2 0.62109375 0.396875 0.11875 0.0875
0 0.11953125 0.40625 0.10625 0.078125
3 0.48359375 0.37265625 0.1125 0.0828125