4 0.4015625 0.33671875 0.0703125 0.096875
4 0.48828125 0.31328125 0.0671875 0.0921875
4 0.2578125 0.45859375 0.06875 0.09375
7 0.46484375 0.45234375 0.075 0.1015625
7 0.64140625 0.39921875 0.078125 0.1046875
7 0.68515625 0.5359375 0.0796875 0.1015625
1 0.625 0.62578125 0.0609375 0.08125
1 0.59921875 0.8078125 0.0578125 0.08125
2 0.44296875 0.6484375 0.0828125 0.1140625
2 0.5578125 0.3703125 0.0828125 0.115625
0 0.37109375 0.47421875 0.0703125 0.096875
3 0.521875 0.5203125 0.0796875 0.1046875
6 0.35546875 0.63671875 0.0859375 0.1171875
6 0.41171875 0.16875 0.0875 0.1234375
4 0.62109375 0.2203125 0.0953125 0.13125