7 0.21328125 0.3546875 0.071875 0.0859375
7 0.35234375 0.38125 0.071875 0.0890625
7 0.47890625 0.403125 0.0734375 0.0921875
7 0.584375 0.43046875 0.0734375 0.0921875
7 0.5953125 0.56953125 0.0734375 0.0953125
7 0.8640625 0.503125 0.0765625 0.0953125
7 0.56015625 0.24765625 0.06875 0.0890625
7 0.51796875 0.084375 0.0703125 0.08125
7 0.55234375 0.828125 0.08125 0.1078125
1 0.14609375 0.42578125 0.05625 0.0703125
1 0.70703125 0.56875 0.0578125 0.0765625
1 0.89140625 0.7 0.0625 0.0828125
0 0.76484375 0.1578125 0.06875 0.078125
0 0.79609375 0.25 0.0703125 0.084375
0 0.771875 0.38828125 0.0734375 0.0859375
0 0.66171875 0.43359375 0.071875 0.0828125
0 0.38125 0.49921875 0.071875 0.0890625
0 0.5109375 0.5203125 0.0671875 0.0890625
3 0.38515625 0.628125 0.08125 0.10625
3 0.434375 0.73125 0.0828125 0.1078125
3 0.2640625 0.671875 0.0859375 0.1046875
3 0.35703125 0.81875 0.0828125 0.1140625
3 0.53671875 0.625 0.075 0.1015625
3 0.63515625 0.22734375 0.0765625 0.0890625
3 0.63671875 0.1109375 0.08125 0.0984375
4 0.46953125 0.2796875 0.0625 0.078125
3 0.825 0.728125 0.0859375 0.1109375
2 0.72890625 0.7578125 0.0890625 0.1171875
2 0.6515625 0.7 0.0828125 0.1140625
2 0.8921875 0.3953125 0.0875 0.1078125
2 0.3625 0.159375 0.0765625 0.0921875
2 0.27421875 0.23515625 0.08125 0.0921875
2 0.39921875 0.234375 0.075 0.096875
2 0.46953125 0.159375 0.0765625 0.0953125
6 0.70859375 0.27265625 0.0828125 0.1015625
6 0.23515625 0.45546875 0.0921875 0.1046875
6 0.8125 0.57421875 0.0890625 0.1125
5 0.62265625 0.3421875 0.0875 0.11875