1 0.3421875 0.1078125 0.078125 0.0609375
1 0.9203125 0.31796875 0.078125 0.0625
1 0.328125 0.58046875 0.0765625 0.059375
0 0.740625 0.8359375 0.096875 0.075
0 0.6375 0.5796875 0.09375 0.0734375
0 0.8734375 0.5328125 0.096875 0.0765625
0 0.4171875 0.59609375 0.0890625 0.0703125
0 0.1046875 0.57265625 0.09375 0.0703125
0 0.5609375 0.37421875 0.0921875 0.0671875
3 0.2234375 0.24296875 0.1109375 0.084375
3 0.11640625 0.29453125 0.10625 0.078125
3 0.7 0.19140625 0.109375 0.0859375
3 0.4640625 0.36484375 0.1015625 0.0765625
3 0.4953125 0.6390625 0.1046875 0.08125
3 0.73671875 0.5828125 0.0984375 0.078125
6 0.10859375 0.45703125 0.1109375 0.0859375
6 0.196875 0.54375 0.1125 0.0875
6 0.33125 0.6625 0.1171875 0.0875
6 0.68125 0.7296875 0.11875 0.0921875
7 0.421875 0.13515625 0.0984375 0.078125
7 0.3453125 0.1859375 0.103125 0.0796875
7 0.86953125 0.2640625 0.1 0.0734375
7 0.59921875 0.44453125 0.1015625 0.075
7 0.4484375 0.4828125 0.1 0.075
7 0.1890625 0.62109375 0.109375 0.0765625
7 0.5453125 0.56171875 0.1015625 0.0765625
4 0.26171875 0.48515625 0.09375 0.06875
7 0.41640625 0.26953125 0.1 0.0765625
7 0.52890625 0.26015625 0.0984375 0.0796875
2 0.32890625 0.309375 0.109375 0.084375
2 0.54765625 0.17421875 0.1078125 0.0859375
2 0.659375 0.278125 0.10625 0.084375
2 0.7125 0.4390625 0.1109375 0.0828125
2 0.08671875 0.371875 0.10625 0.08125
2 0.5328125 0.84296875 0.1125 0.0875
3 0.5859375 0.7671875 0.115625 0.078125
5 0.221875 0.36953125 0.1203125 0.0875
2 0.86015625 0.18828125 0.115625 0.0828125