1 0.29296875 0.64375 0.05625 0.0625
1 0.52734375 0.64140625 0.0546875 0.0640625
1 0.57734375 0.6671875 0.05 0.065625
4 0.64375 0.42890625 0.0703125 0.0828125
7 0.5390625 0.465625 0.075 0.0890625
7 0.42890625 0.47890625 0.071875 0.0921875
7 0.83828125 0.40234375 0.0765625 0.096875
7 0.8671875 0.2859375 0.078125 0.10625
7 0.29765625 0.27578125 0.0734375 0.096875
0 0.22890625 0.259375 0.0703125 0.096875
0 0.38046875 0.61796875 0.06875 0.0890625
0 0.446875 0.57890625 0.0640625 0.0796875
0 0.6171875 0.4984375 0.0671875 0.0890625
3 0.36484375 0.240625 0.0859375 0.10625
3 0.69296875 0.17578125 0.075 0.10625
3 0.80078125 0.1828125 0.078125 0.096875
3 0.4671875 0.30234375 0.0796875 0.103125
3 0.30625 0.5 0.078125 0.09375
3 0.24921875 0.553125 0.0765625 0.090625
6 0.39609375 0.34296875 0.0828125 0.109375
6 0.7546875 0.584375 0.0859375 0.10625
7 0.68828125 0.62578125 0.075 0.0875
6 0.61015625 0.21171875 0.096875 0.1265625
5 0.5921875 0.353125 0.090625 0.1234375
2 0.790625 0.30625 0.0828125 0.1203125
2 0.46640625 0.4078125 0.0828125 0.1015625
2 0.459375 0.6734375 0.0734375 0.1015625
2 0.559375 0.58125 0.078125 0.096875