3 0.565625 0.803125 0.1203125 0.1375
3 0.475 0.48203125 0.103125 0.1375
3 0.7859375 0.62265625 0.1140625 0.14375
0 0.14375 0.5609375 0.0953125 0.1234375
0 0.378125 0.3203125 0.1015625 0.128125
0 0.1765625 0.25546875 0.103125 0.1203125
0 0.090625 0.33515625 0.096875 0.1203125
0 0.71015625 0.23125 0.096875 0.125
1 0.46171875 0.20703125 0.0765625 0.1015625
1 0.6 0.54765625 0.0734375 0.1015625
1 0.1015625 0.8796875 0.08125 0.10625
4 0.7875 0.3109375 0.1015625 0.11875
7 0.7515625 0.43125 0.10625 0.13125
7 0.86015625 0.41171875 0.1109375 0.14375
7 0.56953125 0.2796875 0.1171875 0.128125
7 0.55078125 0.15859375 0.1046875 0.134375
7 0.203125 0.1484375 0.1078125 0.128125
7 0.265625 0.24921875 0.1 0.13125
7 0.853125 0.16171875 0.10625 0.1453125
7 0.26875 0.6578125 0.0984375 0.125
6 0.21875 0.3625 0.109375 0.1421875
2 0.11796875 0.71015625 0.1125 0.14375
2 0.39609375 0.621875 0.109375 0.1453125
2 0.26796875 0.53203125 0.1140625 0.140625
2 0.0953125 0.44921875 0.1140625 0.140625
2 0.6265625 0.38125 0.10625 0.14375
2 0.7390625 0.08359375 0.1109375 0.15
5 0.5171875 0.67578125 0.121875 0.1546875