2 0.16171875 0.21953125 0.1078125 0.1375
2 0.1921875 0.35625 0.0953125 0.1265625
2 0.28984375 0.34296875 0.103125 0.13125
2 0.51484375 0.3203125 0.10625 0.134375
2 0.7515625 0.1890625 0.103125 0.1359375
2 0.6265625 0.43046875 0.1015625 0.13125
5 0.57890625 0.78828125 0.1109375 0.1515625
5 0.14921875 0.4734375 0.0734375 0.09375
4 0.2203125 0.48671875 0.08125 0.1140625
7 0.08203125 0.63515625 0.1015625 0.1359375
7 0.071875 0.4515625 0.1 0.128125
7 0.30625 0.71640625 0.096875 0.1328125
7 0.40078125 0.38125 0.09375 0.125
7 0.396875 0.23203125 0.090625 0.1234375
7 0.90625 0.49375 0.0984375 0.13125
7 0.8921875 0.6140625 0.0953125 0.128125
7 0.7140625 0.4890625 0.09375 0.1203125
7 0.89609375 0.30078125 0.090625 0.128125
1 0.92734375 0.3890625 0.071875 0.103125
1 0.52109375 0.21015625 0.075 0.0984375
0 0.571875 0.596875 0.0875 0.115625
0 0.22109375 0.8484375 0.1015625 0.11875
0 0.42734375 0.65859375 0.090625 0.1203125
0 0.81875 0.771875 0.103125 0.134375
0 0.465625 0.11953125 0.0828125 0.1125
3 0.840625 0.40546875 0.103125 0.128125
3 0.22578125 0.61953125 0.1046875 0.1234375
3 0.353125 0.4828125 0.0953125 0.1296875
6 0.7484375 0.65234375 0.1140625 0.146875