2 0.3765625 0.1390625 0.1171875 0.084375
3 0.51640625 0.2265625 0.1125 0.0828125
2 0.3671875 0.22265625 0.1078125 0.0796875
3 0.23359375 0.16328125 0.109375 0.0875
0 0.31640625 0.29609375 0.0953125 0.065625
3 0.3875 0.34140625 0.0984375 0.078125
2 0.55546875 0.1171875 0.1171875 0.0875
7 0.74921875 0.15234375 0.1125 0.08125
0 0.87421875 0.0953125 0.1078125 0.0796875
3 0.68984375 0.26328125 0.1109375 0.084375
4 0.85 0.3171875 0.1015625 0.0734375
3 0.09609375 0.33515625 0.0953125 0.075
3 0.20546875 0.334375 0.09375 0.078125
0 0.534375 0.34921875 0.09375 0.075
7 0.63671875 0.35859375 0.1046875 0.08125
3 0.71953125 0.4109375 0.109375 0.0828125
5 0.584375 0.4453125 0.1265625 0.0921875
2 0.35234375 0.44453125 0.1140625 0.0828125
7 0.346875 0.52109375 0.09375 0.075
7 0.1171875 0.52421875 0.09375 0.075
1 0.88125 0.49375 0.0921875 0.065625
2 0.8890625 0.5890625 0.125 0.0875
7 0.6671875 0.5578125 0.1046875 0.078125
4 0.475 0.5421875 0.1046875 0.075
0 0.19609375 0.6046875 0.090625 0.0703125
0 0.7375 0.78359375 0.1046875 0.0765625
0 0.4984375 0.8671875 0.0984375 0.071875
1 0.36640625 0.909375 0.0859375 0.0609375
1 0.31484375 0.7203125 0.075 0.0640625
6 0.18203125 0.69296875 0.1046875 0.0828125
6 0.34453125 0.6328125 0.1125 0.0875
6 0.4765625 0.7 0.115625 0.0859375
7 0.22734375 0.81171875 0.0984375 0.078125
7 0.36328125 0.81171875 0.103125 0.0796875
7 0.559375 0.79609375 0.10625 0.0828125
2 0.8625 0.890625 0.13125 0.096875
2 0.54375 0.60390625 0.1125 0.0859375
3 0.634375 0.65234375 0.109375 0.0859375