1 0.53828125 0.42890625 0.0671875 0.0484375
1 0.10234375 0.55390625 0.0734375 0.0546875
1 0.3296875 0.77109375 0.06875 0.0546875
0 0.315625 0.20859375 0.090625 0.065625
0 0.21328125 0.39453125 0.0890625 0.0671875
0 0.3984375 0.49296875 0.0875 0.0625
0 0.77890625 0.3859375 0.0796875 0.0609375
0 0.50078125 0.828125 0.0828125 0.0640625
0 0.39609375 0.721875 0.090625 0.0625
4 0.428125 0.37578125 0.08125 0.0625
4 0.66015625 0.67265625 0.0875 0.065625
4 0.7421875 0.65234375 0.0890625 0.0640625
4 0.68984375 0.88828125 0.0859375 0.06875
7 0.8921875 0.56875 0.0859375 0.0671875
7 0.878125 0.50078125 0.084375 0.065625
7 0.38203125 0.62109375 0.0890625 0.0703125
7 0.4765625 0.4625 0.090625 0.0703125
7 0.44765625 0.31484375 0.0921875 0.06875
7 0.61328125 0.2765625 0.0859375 0.0671875
6 0.6125 0.35234375 0.09375 0.0734375
6 0.8546875 0.69375 0.0953125 0.075
6 0.5296875 0.6828125 0.0984375 0.075
3 0.2984375 0.709375 0.1 0.0703125
3 0.18828125 0.803125 0.103125 0.0734375
3 0.61015625 0.73046875 0.090625 0.0703125
3 0.7875 0.73984375 0.090625 0.071875
3 0.78515625 0.5921875 0.090625 0.0703125
3 0.79296875 0.48984375 0.0875 0.06875
3 0.5890625 0.5265625 0.1015625 0.071875
3 0.51328125 0.37421875 0.0953125 0.0671875
2 0.5421875 0.2234375 0.0984375 0.071875
2 0.70078125 0.26171875 0.0984375 0.06875
2 0.53671875 0.30703125 0.0984375 0.0703125
2 0.72421875 0.4515625 0.096875 0.06875
2 0.48828125 0.58515625 0.096875 0.0734375
2 0.3125 0.571875 0.103125 0.0734375
2 0.16328125 0.6125 0.109375 0.075
5 0.62109375 0.44375 0.10625 0.08125