7 0.31171875 0.50078125 0.09375 0.1125
7 0.15234375 0.4546875 0.0890625 0.1125
7 0.13671875 0.6921875 0.084375 0.109375
7 0.2140625 0.8 0.08125 0.121875
7 0.1546875 0.56328125 0.0890625 0.1140625
7 0.1765625 0.35078125 0.084375 0.1109375
7 0.40078125 0.28046875 0.08125 0.109375
7 0.46015625 0.49140625 0.084375 0.1125
7 0.33828125 0.5953125 0.08125 0.10625
7 0.4796875 0.78359375 0.084375 0.1078125
7 0.471875 0.5953125 0.08125 0.1140625
7 0.8328125 0.51796875 0.084375 0.103125
1 0.475 0.4046875 0.0671875 0.0859375
1 0.37109375 0.759375 0.0625 0.0859375
0 0.27734375 0.24609375 0.08125 0.10625
0 0.08125 0.54296875 0.08125 0.1
0 0.22109375 0.490625 0.0796875 0.1046875
0 0.33125 0.15234375 0.0921875 0.109375
0 0.49296875 0.3171875 0.075 0.1015625
0 0.5453125 0.41875 0.075 0.109375
0 0.615625 0.4421875 0.0734375 0.1125
0 0.77578125 0.31171875 0.075 0.1046875
0 0.8453125 0.296875 0.075 0.1109375
0 0.7140625 0.16328125 0.078125 0.1109375
0 0.625 0.1359375 0.078125 0.1078125
0 0.77421875 0.2203125 0.078125 0.1
0 0.846875 0.1875 0.0765625 0.1
0 0.0984375 0.32734375 0.0828125 0.109375
0 0.22734375 0.58515625 0.0828125 0.1046875
0 0.28515625 0.77734375 0.0828125 0.115625
0 0.4765625 0.884375 0.084375 0.10625
0 0.55546875 0.8453125 0.078125 0.103125
0 0.678125 0.84609375 0.075 0.1078125
0 0.74921875 0.8234375 0.0859375 0.1015625
0 0.840625 0.71796875 0.0796875 0.10625
0 0.55703125 0.61796875 0.0796875 0.1015625
0 0.471875 0.68671875 0.075 0.1015625
3 0.9421875 0.39453125 0.0859375 0.1296875
3 0.809375 0.4 0.0828125 0.121875
3 0.76484375 0.4859375 0.0890625 0.115625
3 0.7015625 0.41640625 0.0890625 0.11875
3 0.7046875 0.565625 0.0890625 0.1140625
3 0.62734375 0.5671875 0.08125 0.1125
3 0.5375 0.51953125 0.084375 0.11875
3 0.60703125 0.3421875 0.0875 0.121875
3 0.615625 0.675 0.0859375 0.121875
3 0.54375 0.73203125 0.09375 0.1140625
3 0.61640625 0.7890625 0.0875 0.109375
3 0.409375 0.83515625 0.0953125 0.1171875
3 0.78984375 0.6453125 0.0890625 0.109375
3 0.91328125 0.69296875 0.0875 0.1140625
3 0.8734375 0.60546875 0.0828125 0.109375
3 0.68984375 0.27265625 0.0890625 0.1265625
3 0.59921875 0.22890625 0.0875 0.1125
3 0.51171875 0.22578125 0.090625 0.1265625
3 0.19921875 0.23125 0.0875 0.11875
3 0.3515625 0.3578125 0.09375 0.1234375
3 0.2203125 0.68359375 0.090625 0.1171875
3 0.40078125 0.6796875 0.0890625 0.1125
3 0.32109375 0.6953125 0.0921875 0.128125
0 0.39765625 0.5328125 0.0890625 0.0984375