2 0.68984375 0.21875 0.0953125 0.1359375
2 0.25546875 0.15625 0.09921875 0.1265625
2 0.4234375 0.1890625 0.096875 0.13203125
2 0.17265625 0.415625 0.1 0.12578125
2 0.25390625 0.475 0.0921875 0.12578125
2 0.30546875 0.334375 0.1 0.13203125
2 0.41171875 0.61328125 0.09609375 0.13515625
2 0.66328125 0.5453125 0.09765625 0.13125
2 0.89375 0.41875 0.09609375 0.14140625
2 0.6140625 0.28671875 0.096875 0.128125
2 0.25078125 0.7421875 0.10390625 0.13125
0 0.44609375 0.29609375 0.078125 0.11875
0 0.475 0.39375 0.08203125 0.11015625
0 0.81484375 0.64765625 0.09453125 0.1265625
6 0.1671875 0.29375 0.10078125 0.14296875
6 0.16328125 0.5453125 0.10546875 0.13125
6 0.24921875 0.59609375 0.103125 0.125
6 0.32890625 0.6625 0.11640625 0.13125
6 0.575 0.74921875 0.11015625 0.1390625
6 0.76171875 0.74765625 0.1125 0.1453125
6 0.7328125 0.46484375 0.0984375 0.1390625
6 0.5578125 0.39765625 0.09375 0.13046875
6 0.5734375 0.521875 0.11015625 0.1265625
6 0.65390625 0.403125 0.10234375 0.14375
6 0.80625 0.409375 0.08203125 0.1234375
6 0.34609375 0.5171875 0.10625 0.12734375
6 0.38984375 0.3765625 0.11015625 0.1375
6 0.46875 0.4984375 0.11015625 0.140625
7 0.334375 0.79609375 0.1046875 0.1296875
5 0.50859375 0.62578125 0.1046875 0.14609375
0 0.53046875 0.25546875 0.1015625 0.128125