7 0.29375 0.41171875 0.11171875 0.08046875
7 0.6515625 0.4765625 0.1078125 0.08046875
4 0.3671875 0.675 0.103125 0.07578125
4 0.2125 0.659375 0.10078125 0.071875
4 0.27890625 0.53984375 0.09921875 0.07421875
1 0.54921875 0.7578125 0.08671875 0.06796875
5 0.12734375 0.565625 0.13828125 0.1
5 0.63984375 0.60390625 0.13359375 0.1
6 0.48359375 0.534375 0.1234375 0.09140625
6 0.753125 0.7359375 0.13515625 0.09765625
2 0.90234375 0.64921875 0.12109375 0.090625
2 0.62109375 0.396875 0.11875 0.08671875
0 0.11953125 0.40625 0.10546875 0.07734375
3 0.48359375 0.37265625 0.11171875 0.08203125