3 0.06953125 0.23046875 0.09609375 0.13203125
3 0.2015625 0.15390625 0.0953125 0.125
3 0.41328125 0.14140625 0.09453125 0.1296875
3 0.415625 0.26015625 0.096875 0.11328125
3 0.5734375 0.26015625 0.08984375 0.115625
3 0.525 0.403125 0.08671875 0.1171875
3 0.4125 0.41640625 0.0953125 0.121875
3 0.61015625 0.3875 0.090625 0.11875
3 0.8203125 0.3390625 0.090625 0.11484375
3 0.759375 0.41328125 0.08046875 0.11171875
3 0.91171875 0.47578125 0.084375 0.1203125
3 0.81640625 0.64453125 0.0828125 0.1140625
3 0.68828125 0.875 0.09375 0.125
3 0.7140625 0.67578125 0.08515625 0.11484375
3 0.5328125 0.715625 0.08515625 0.1203125
3 0.5234375 0.5390625 0.084375 0.12109375
3 0.44375 0.57109375 0.0859375 0.1125
3 0.45078125 0.7765625 0.0859375 0.1140625
3 0.0953125 0.7671875 0.0953125 0.12109375
3 0.16484375 0.46796875 0.09375 0.125
3 0.2953125 0.4875 0.096875 0.121875
3 0.32734375 0.6265625 0.08828125 0.11875
7 0.5625 0.12890625 0.0921875 0.14140625
7 0.175 0.31953125 0.090625 0.1265625
7 0.24765625 0.6421875 0.08828125 0.1125
7 0.25078125 0.74921875 0.08984375 0.10859375
7 0.17734375 0.77734375 0.08828125 0.11875
7 0.36953125 0.54375 0.08125 0.1234375
7 0.35859375 0.840625 0.08515625 0.12578125
7 0.43515625 0.8875 0.090625 0.1203125
7 0.45859375 0.675 0.0890625 0.1234375
7 0.58984375 0.6 0.0828125 0.11875
7 0.71640625 0.5 0.0796875 0.11640625
7 0.9015625 0.35 0.084375 0.11171875
3 0.803125 0.77265625 0.08828125 0.1265625
0 0.86875 0.71953125 0.08359375 0.11484375
0 0.5890625 0.8359375 0.08359375 0.11796875
0 0.5234375 0.81640625 0.084375 0.1109375
0 0.60625 0.73203125 0.07421875 0.1140625
0 0.67734375 0.765625 0.08515625 0.1
0 0.7515625 0.5875 0.0796875 0.1078125
0 0.92265625 0.77421875 0.08359375 0.11171875
0 0.9046875 0.63671875 0.08046875 0.1046875
0 0.80859375 0.51875 0.08125 0.1078125
0 0.84609375 0.43046875 0.06953125 0.11328125
0 0.81171875 0.209375 0.0828125 0.1140625
0 0.640625 0.1890625 0.078125 0.11015625
0 0.65234375 0.29609375 0.09375 0.10625
0 0.5046875 0.20859375 0.08828125 0.1125
0 0.30234375 0.35859375 0.0875 0.1078125
0 0.24921875 0.2421875 0.090625 0.1171875
0 0.08203125 0.3890625 0.0859375 0.10859375
0 0.175 0.584375 0.0890625 0.1125
0 0.10078125 0.58125 0.09453125 0.121875
0 0.16171875 0.68125 0.090625 0.10546875
0 0.64765625 0.52734375 0.0828125 0.109375
0 0.4609375 0.34375 0.0890625 0.10234375
1 0.2875 0.83515625 0.07421875 0.10546875
1 0.66171875 0.60859375 0.0703125 0.0984375
0 0.3234375 0.753125 0.09296875 0.10859375
0 0.390625 0.71328125 0.0890625 0.0984375