1 0.49765625 0.2296875 0.09375 0.0671875
1 0.44921875 0.56875 0.09296875 0.06640625
1 0.73203125 0.59296875 0.09140625 0.0703125
7 0.778125 0.89921875 0.121875 0.09375
7 0.36640625 0.8984375 0.1234375 0.09140625
7 0.16875 0.65859375 0.11953125 0.08984375
7 0.63515625 0.2046875 0.11875 0.08671875
7 0.52578125 0.13359375 0.11640625 0.0859375
7 0.2703125 0.1171875 0.11875 0.0875
7 0.334375 0.25234375 0.11484375 0.08515625
7 0.24453125 0.34453125 0.11796875 0.08515625
7 0.56484375 0.5046875 0.11328125 0.084375
0 0.703125 0.72734375 0.1125 0.08515625
0 0.61328125 0.89296875 0.11328125 0.084375
0 0.115625 0.58125 0.1125 0.08125
0 0.55078125 0.6125 0.10859375 0.08203125
0 0.8515625 0.32109375 0.11171875 0.0796875
4 0.64140625 0.1171875 0.10390625 0.07578125
5 0.18984375 0.7859375 0.146875 0.109375
2 0.415625 0.75234375 0.13203125 0.09609375
2 0.49296875 0.87734375 0.13046875 0.0953125
2 0.5796875 0.78828125 0.128125 0.096875
2 0.84765625 0.565625 0.134375 0.0953125
2 0.7890625 0.39375 0.13203125 0.0921875
2 0.51015625 0.42109375 0.128125 0.09375
3 0.7453125 0.278125 0.12265625 0.08671875
3 0.3609375 0.165625 0.11640625 0.08984375
3 0.1640625 0.15234375 0.12421875 0.08984375
6 0.6296875 0.36953125 0.134375 0.0984375