3 0.39921875 0.315625 0.07421875 0.10546875
1 0.23984375 0.7546875 0.05703125 0.071875
1 0.2328125 0.825 0.05703125 0.0671875
1 0.765625 0.803125 0.05703125 0.06953125
3 0.79296875 0.89609375 0.07890625 0.09765625
3 0.67421875 0.76015625 0.075 0.09375
3 0.7375 0.70859375 0.0765625 0.08828125
3 0.43828125 0.725 0.078125 0.09375
3 0.41640625 0.19375 0.0828125 0.11328125
3 0.740625 0.26484375 0.0796875 0.1078125
7 0.0703125 0.34921875 0.08359375 0.103125
7 0.275 0.50859375 0.078125 0.09765625
7 0.41015625 0.51484375 0.0734375 0.09921875
7 0.2703125 0.41171875 0.08203125 0.09765625
7 0.63046875 0.25390625 0.07421875 0.1078125
7 0.67578125 0.3453125 0.07890625 0.0984375
7 0.83203125 0.62421875 0.07734375 0.0984375
7 0.5109375 0.703125 0.07578125 0.09765625
7 0.60390625 0.8140625 0.07265625 0.09765625
4 0.471875 0.63046875 0.0734375 0.090625
0 0.65234375 0.10078125 0.0765625 0.09765625
0 0.27421875 0.28125 0.07890625 0.09765625
0 0.3390625 0.46015625 0.0703125 0.09296875
0 0.45 0.81171875 0.075 0.08671875
0 0.81953125 0.7421875 0.0703125 0.0875
0 0.88671875 0.7390625 0.06953125 0.0859375
6 0.53359375 0.109375 0.0921875 0.125
6 0.81484375 0.34375 0.09140625 0.125
6 0.2296875 0.6453125 0.0859375 0.109375
6 0.50234375 0.2296875 0.09453125 0.11796875
5 0.825 0.47265625 0.0984375 0.1265625
2 0.30625 0.61015625 0.08984375 0.109375
2 0.475 0.4421875 0.0828125 0.1140625
2 0.5390625 0.371875 0.0828125 0.11796875
2 0.64453125 0.43515625 0.0875 0.115625
2 0.73359375 0.49609375 0.08359375 0.11953125
2 0.58359375 0.5703125 0.08359375 0.10546875
2 0.64765625 0.64296875 0.08515625 0.1