2 0.89140625 0.4390625 0.08984375 0.11640625
2 0.6359375 0.765625 0.08515625 0.11171875
2 0.709375 0.825 0.08671875 0.1125
2 0.36640625 0.2625 0.08203125 0.10703125
2 0.32265625 0.17421875 0.084375 0.1
2 0.22578125 0.2609375 0.08515625 0.11171875
2 0.4390625 0.17109375 0.07890625 0.10703125
1 0.1 0.48125 0.065625 0.0796875
1 0.44140625 0.3078125 0.065625 0.09296875
1 0.69375 0.62578125 0.0671875 0.08359375
1 0.88046875 0.7609375 0.06796875 0.0859375
7 0.16640625 0.4015625 0.078125 0.1
7 0.5390625 0.275 0.0765625 0.10078125
7 0.3171875 0.43203125 0.0765625 0.096875
7 0.4546875 0.45234375 0.075 0.09609375
7 0.56640625 0.4828125 0.075 0.09765625
7 0.57734375 0.6328125 0.075 0.1015625
7 0.85859375 0.55625 0.078125 0.1046875
7 0.53359375 0.8953125 0.0828125 0.10390625
3 0.33828125 0.8921875 0.08203125 0.1109375
3 0.2359375 0.74375 0.08203125 0.1109375
3 0.3609375 0.6953125 0.0796875 0.1078125
3 0.409375 0.8015625 0.0796875 0.1109375
3 0.51484375 0.6890625 0.08203125 0.10546875
3 0.81171875 0.79296875 0.08359375 0.1109375
3 0.6203125 0.2546875 0.08203125 0.10078125
3 0.6234375 0.1125 0.090625 0.115625
0 0.35234375 0.55625 0.075 0.0953125
0 0.48828125 0.5796875 0.07265625 0.090625
0 0.6484375 0.48046875 0.071875 0.0875
0 0.765625 0.43359375 0.07265625 0.0953125
0 0.79375 0.271875 0.0703125 0.09140625
0 0.76328125 0.165625 0.0734375 0.096875
6 0.1921875 0.5109375 0.09140625 0.115625
6 0.80390625 0.63359375 0.090625 0.11640625
6 0.7 0.30078125 0.0875 0.11015625
6 0.49296875 0.08046875 0.078125 0.09375
5 0.60703125 0.3828125 0.09375 0.115625