0 0.1734375 0.240625 0.07578125 0.140625
0 0.6453125 0.1640625 0.0734375 0.1359375
0 0.75 0.17734375 0.07421875 0.13828125
0 0.56640625 0.5796875 0.07421875 0.12109375
0 0.3921875 0.67890625 0.0703125 0.11171875
0 0.3234375 0.73125 0.071875 0.11484375
7 0.24609375 0.2671875 0.0734375 0.14140625
7 0.48984375 0.53046875 0.0765625 0.12578125
7 0.3765625 0.5484375 0.07734375 0.1203125
7 0.640625 0.75546875 0.075 0.12109375
7 0.7875 0.46484375 0.078125 0.1265625
7 0.81640625 0.31640625 0.08359375 0.13046875
6 0.56328125 0.19765625 0.0921875 0.1609375
6 0.3453125 0.36171875 0.08828125 0.14609375
6 0.70390625 0.69765625 0.08828125 0.13515625
3 0.3140625 0.22578125 0.08515625 0.1421875
3 0.246875 0.56640625 0.07890625 0.13515625
3 0.1875 0.63671875 0.07734375 0.12421875
3 0.41953125 0.3125 0.08671875 0.13828125
5 0.54375 0.38984375 0.090625 0.15703125
2 0.41484375 0.44765625 0.0859375 0.1515625
2 0.740625 0.33515625 0.08515625 0.1546875
2 0.4046875 0.81015625 0.08046875 0.125
2 0.51015625 0.6828125 0.08125 0.134375
2 0.475 0.7671875 0.0546875 0.0859375
2 0.52578125 0.80625 0.0578125 0.08828125
4 0.59765625 0.48515625 0.0671875 0.1234375
1 0.23203125 0.759375 0.0640625 0.0984375