3 0.565625 0.803125 0.11953125 0.1375
3 0.475 0.48203125 0.103125 0.13671875
3 0.7859375 0.62265625 0.11328125 0.14375
0 0.14375 0.5609375 0.09453125 0.1234375
0 0.378125 0.3203125 0.10078125 0.128125
0 0.1765625 0.25546875 0.10234375 0.1203125
0 0.090625 0.33515625 0.096875 0.1203125
0 0.71015625 0.23125 0.09609375 0.12421875
1 0.46171875 0.20703125 0.0765625 0.1015625
1 0.6 0.54765625 0.0734375 0.10234375
1 0.1015625 0.8796875 0.08125 0.10546875
4 0.7875 0.3109375 0.1015625 0.11875
7 0.7515625 0.43125 0.10703125 0.13046875
7 0.86015625 0.41171875 0.11015625 0.14375
7 0.56953125 0.2796875 0.11640625 0.128125
7 0.55078125 0.15859375 0.10390625 0.134375
7 0.203125 0.1484375 0.10703125 0.128125
7 0.265625 0.24921875 0.09921875 0.13125
7 0.853125 0.16171875 0.10625 0.14453125
7 0.26875 0.6578125 0.09765625 0.125
6 0.21875 0.3625 0.10859375 0.14140625
2 0.11796875 0.71015625 0.11171875 0.14296875
2 0.39609375 0.621875 0.109375 0.1453125
2 0.26796875 0.53203125 0.1140625 0.13984375
2 0.0953125 0.44921875 0.11484375 0.140625
2 0.6265625 0.38125 0.10703125 0.14296875
2 0.7390625 0.08359375 0.1109375 0.14921875
5 0.5171875 0.67578125 0.12109375 0.15390625