2 0.36171875 0.09453125 0.13515625 0.10390625
2 0.92421875 0.37109375 0.14296875 0.109375
2 0.3921875 0.6265625 0.128125 0.0984375
2 0.26171875 0.63984375 0.12734375 0.1
2 0.77890625 0.68828125 0.1375 0.10234375
2 0.62734375 0.38359375 0.1296875 0.103125
3 0.43125 0.353125 0.12578125 0.0921875
3 0.27109375 0.2328125 0.12265625 0.0953125
3 0.57734375 0.2984375 0.1234375 0.08984375
6 0.68125 0.56875 0.1359375 0.10703125
0 0.79375 0.27265625 0.1140625 0.0875
0 0.48828125 0.22890625 0.10546875 0.08828125
0 0.36875 0.446875 0.10703125 0.08359375
0 0.340625 0.52265625 0.10625 0.084375
0 0.49375 0.7046875 0.10546875 0.08984375
7 0.38046875 0.265625 0.1125 0.09140625
7 0.7875 0.39609375 0.1265625 0.09453125
7 0.21484375 0.33984375 0.11640625 0.08515625
7 0.2015625 0.4796875 0.1203125 0.0921875
7 0.19296875 0.565625 0.11875 0.08515625
7 0.1953125 0.7171875 0.1171875 0.0859375
7 0.3046875 0.79921875 0.11640625 0.09375
7 0.7515625 0.846875 0.13125 0.09296875
7 0.5671875 0.64765625 0.12265625 0.08984375
4 0.4859375 0.44375 0.11015625 0.08125
1 0.621875 0.77109375 0.09765625 0.07578125
1 0.45234375 0.89765625 0.09765625 0.071875
1 0.66484375 0.71484375 0.08984375 0.075
5 0.51953125 0.5359375 0.15078125 0.1109375