1 0.3234375 0.4359375 0.096875 0.06953125
4 0.35234375 0.58515625 0.09921875 0.071875
4 0.31953125 0.7453125 0.1 0.0765625
1 0.44140625 0.6859375 0.08515625 0.0625
7 0.578125 0.40625 0.10625 0.07890625
7 0.196875 0.39765625 0.1078125 0.07890625
3 0.428125 0.39375 0.1109375 0.0828125
0 0.1625 0.5015625 0.10390625 0.07421875
5 0.528125 0.51484375 0.1328125 0.09375
5 0.65625 0.6078125 0.134375 0.0984375
2 0.721875 0.48125 0.1203125 0.0875
2 0.85390625 0.62578125 0.125 0.090625
6 0.66171875 0.71328125 0.13046875 0.096875
6 0.196875 0.63671875 0.12734375 0.09375