7 0.421875 0.44140625 0.08125 0.11484375
7 0.65078125 0.2921875 0.0828125 0.115625
7 0.50078125 0.60546875 0.0796875 0.10859375
4 0.55234375 0.72109375 0.07421875 0.09921875
4 0.70625 0.71015625 0.0765625 0.10546875
4 0.646875 0.58046875 0.0734375 0.1
1 0.66953125 0.44609375 0.0671875 0.0875
1 0.4578125 0.703125 0.0640625 0.08515625
6 0.565625 0.278125 0.0953125 0.13046875
6 0.265625 0.60703125 0.0921875 0.12578125
5 0.378125 0.259375 0.096875 0.1359375
5 0.54453125 0.4515625 0.10078125 0.13671875
2 0.30390625 0.38046875 0.090625 0.11640625
2 0.3421875 0.5296875 0.0890625 0.11796875
3 0.46953125 0.17265625 0.08359375 0.11640625
0 0.35078125 0.68828125 0.078125 0.1078125