2 0.46796875 0.14609375 0.15390625 0.1109375
2 0.24453125 0.3859375 0.1546875 0.09765625
2 0.25390625 0.48125 0.13125 0.09921875
2 0.38046875 0.47890625 0.13984375 0.103125
2 0.66171875 0.49140625 0.12890625 0.1015625
2 0.5015625 0.6640625 0.1390625 0.0953125
5 0.58671875 0.73984375 0.15234375 0.11640625
5 0.37109375 0.6828125 0.14609375 0.11796875
5 0.8296875 0.525 0.1484375 0.1109375
6 0.44140625 0.57890625 0.1453125 0.10546875
6 0.71953125 0.3 0.159375 0.1171875
3 0.56484375 0.540625 0.1296875 0.10078125
3 0.303125 0.6046875 0.1296875 0.08828125
7 0.790625 0.66015625 0.13125 0.08828125