2 0.11953125 0.1828125 0.1140625 0.14609375
2 0.2265625 0.47421875 0.11171875 0.140625
2 0.12890625 0.49296875 0.1078125 0.14453125
2 0.434375 0.4203125 0.10703125 0.14609375
2 0.60703125 0.39765625 0.10390625 0.13671875
2 0.915625 0.5546875 0.10703125 0.14609375
2 0.8 0.7453125 0.10703125 0.14453125
2 0.46171875 0.66796875 0.1046875 0.13203125
2 0.3640625 0.66171875 0.10546875 0.13515625
2 0.2625 0.71171875 0.11171875 0.13671875
2 0.34375 0.79609375 0.12265625 0.134375
3 0.8046875 0.21875 0.10234375 0.14140625
6 0.496875 0.7921875 0.1125 0.15546875
6 0.5984375 0.80625 0.11015625 0.140625
6 0.7015625 0.73515625 0.109375 0.14453125
6 0.83359375 0.61796875 0.109375 0.140625
6 0.628125 0.57890625 0.1078125 0.14140625
6 0.70078125 0.27734375 0.109375 0.1375
6 0.5359375 0.16875 0.10625 0.1453125
6 0.5375 0.31640625 0.10859375 0.14375
6 0.51171875 0.50625 0.10703125 0.1484375
6 0.3078125 0.5578125 0.10859375 0.13828125
6 0.125 0.328125 0.11796875 0.1421875
6 0.325 0.40703125 0.109375 0.1390625
6 0.20625 0.60703125 0.10859375 0.15234375
0 0.55390625 0.6671875 0.09140625 0.12421875
0 0.43671875 0.18203125 0.0921875 0.12578125
0 0.403125 0.2984375 0.09140625 0.12265625
0 0.784375 0.34609375 0.0890625 0.11953125
5 0.69375 0.46484375 0.11640625 0.165625
7 0.73203125 0.621875 0.10234375 0.12578125