2 0.390625 0.209375 0.140625 0.096875
2 0.39375 0.3 0.1375 0.09921875
2 0.20078125 0.40859375 0.13359375 0.10078125
2 0.290625 0.5328125 0.13671875 0.103125
2 0.36484375 0.66953125 0.13828125 0.0984375
2 0.2984375 0.7875 0.13515625 0.103125
5 0.76640625 0.32265625 0.13828125 0.10078125
0 0.36328125 0.45 0.109375 0.07734375
0 0.6859375 0.5515625 0.11953125 0.08359375
0 0.78515625 0.6828125 0.1109375 0.0828125
0 0.765625 0.765625 0.12265625 0.0875
0 0.11328125 0.68125 0.12265625 0.0828125
3 0.59765625 0.12265625 0.12421875 0.0953125
3 0.89765625 0.71640625 0.12421875 0.0984375
3 0.50546875 0.76875 0.125 0.09609375
7 0.3546875 0.12421875 0.121875 0.08359375
7 0.25703125 0.296875 0.11796875 0.08203125
7 0.51875 0.2171875 0.1140625 0.0875
7 0.725 0.16796875 0.1140625 0.08515625
7 0.86015625 0.24375 0.1171875 0.0828125
7 0.51015625 0.57109375 0.11171875 0.08359375
7 0.54296875 0.8515625 0.12265625 0.08828125
7 0.6359375 0.471875 0.1125 0.0859375
7 0.75234375 0.4296875 0.11328125 0.08359375
4 0.8609375 0.57578125 0.1109375 0.0765625
1 0.6828125 0.6734375 0.09140625 0.06796875
1 0.875 0.321875 0.09296875 0.06796875
1 0.2296875 0.728125 0.090625 0.0703125
6 0.16875 0.88359375 0.14296875 0.10390625