1 0.3609375 0.11171875 0.0796875 0.0578125
1 0.90078125 0.32890625 0.0671875 0.0546875
1 0.35546875 0.57890625 0.07421875 0.05625
0 0.7453125 0.80703125 0.08125 0.0671875
0 0.44453125 0.59140625 0.0859375 0.0671875
0 0.6515625 0.57109375 0.0828125 0.0671875
0 0.12734375 0.57421875 0.096875 0.071875
0 0.8609375 0.52421875 0.08125 0.06484375
0 0.5796875 0.37734375 0.08515625 0.0671875
7 0.4421875 0.1421875 0.0984375 0.078125
7 0.36796875 0.18828125 0.10078125 0.0765625
7 0.43828125 0.27421875 0.09609375 0.07265625
7 0.54609375 0.26875 0.09375 0.07109375
7 0.47109375 0.48203125 0.09921875 0.0703125
7 0.6125 0.44375 0.09296875 0.071875
7 0.85546875 0.27890625 0.08984375 0.06953125
7 0.21484375 0.62109375 0.1046875 0.07734375
4 0.565625 0.55625 0.09140625 0.0703125
6 0.69375 0.7125 0.10625 0.0796875
6 0.36015625 0.65703125 0.11484375 0.08515625
6 0.22421875 0.54453125 0.1140625 0.0859375
6 0.1265625 0.4578125 0.12109375 0.084375
4 0.28671875 0.484375 0.08984375 0.06640625
3 0.70390625 0.2078125 0.096875 0.07734375
3 0.2453125 0.24296875 0.10703125 0.07890625
3 0.1328125 0.290625 0.10546875 0.078125
3 0.48671875 0.365625 0.09609375 0.0765625
3 0.74140625 0.57265625 0.0890625 0.07265625
3 0.51640625 0.63359375 0.09609375 0.07578125
3 0.6046875 0.74921875 0.09375 0.0765625
2 0.55625 0.82265625 0.1015625 0.08359375
2 0.71640625 0.43828125 0.103125 0.0734375
2 0.84765625 0.20703125 0.0953125 0.075
2 0.6671875 0.2890625 0.10078125 0.07578125
2 0.5625 0.184375 0.10546875 0.07890625
2 0.35234375 0.31015625 0.109375 0.08046875
2 0.10546875 0.36875 0.11328125 0.08203125
5 0.24609375 0.3703125 0.11796875 0.09140625