6 0.5390625 0.89921875 0.13671875 0.1015625
6 0.35703125 0.771875 0.12578125 0.1046875
6 0.47265625 0.76484375 0.121875 0.09296875
6 0.7390625 0.778125 0.12890625 0.09609375
6 0.58984375 0.7828125 0.12578125 0.09375
6 0.80390625 0.6453125 0.13125 0.096875
6 0.5390625 0.678125 0.12578125 0.09296875
6 0.246875 0.71640625 0.128125 0.09375
6 0.19140625 0.62109375 0.13359375 0.09453125
6 0.55234375 0.48828125 0.12265625 0.09609375
6 0.7078125 0.42421875 0.1296875 0.09765625
6 0.20703125 0.47890625 0.1296875 0.090625
6 0.4359375 0.37578125 0.13359375 0.09375
3 0.65 0.32890625 0.11875 0.08984375
0 0.52421875 0.24609375 0.1078125 0.08359375
0 0.3953125 0.19453125 0.11484375 0.084375
0 0.87578125 0.23359375 0.1109375 0.08359375
0 0.40546875 0.10546875 0.1171875 0.08125
2 0.64140625 0.62265625 0.125 0.0859375
2 0.7296875 0.54296875 0.12421875 0.08671875
2 0.50859375 0.57109375 0.11875 0.0890625
2 0.3703125 0.59921875 0.1265625 0.0875
2 0.32734375 0.46875 0.12734375 0.090625
2 0.55625 0.3828125 0.1234375 0.09296875
2 0.2953125 0.371875 0.12578125 0.090625
2 0.39609375 0.2890625 0.12109375 0.08828125
2 0.27421875 0.2546875 0.13046875 0.09609375
2 0.1484375 0.33359375 0.13203125 0.09296875
2 0.7765625 0.11015625 0.1296875 0.1046875
7 0.4390625 0.4796875 0.11484375 0.0859375
5 0.4171875 0.68359375 0.134375 0.103125